Remark line goes here
MASS

BOND

ANGLE
ca-c -n4   63.800     116.610   Calculated with empirical approach for ca-c-n4
c -n4-c3   63.100     110.960   same as c2-n4-c3, penalty score=  2.6
n4-cc-na   72.430     116.980   same as na-cc-nh, penalty score=  3.5
cd-cc-n4   72.910     109.420   same as cd-cc-na, penalty score=  3.3
ca-n4-cc   63.210     114.480   same as ca-n4-ca, penalty score=  2.0
cc-n4-hn   47.540     108.520   same as ca-n4-hn, penalty score=  2.0

DIHE
o -c -n4-c3   4    5.800       180.000          -2.000      same as X -c -na-X 
o -c -n4-c3   4    1.400       180.000           4.000      same as X -c -na-X , penalty score=630.0
o -c -n4-hn   4    5.800       180.000          -2.000      same as X -c -na-X 
o -c -n4-hn   4    1.400       180.000           4.000      same as X -c -na-X , penalty score=630.0
ca-c -n4-c3   4    5.800       180.000          -2.000      same as X -c -na-X 
ca-c -n4-c3   4    1.400       180.000           4.000      same as X -c -na-X , penalty score=630.0
na-cc-n4-ca   6    0.000       180.000           3.000      same as X -c2-n4-X , penalty score=232.0
na-cc-n4-hn   6    0.000       180.000           3.000      same as X -c2-n4-X , penalty score=232.0
ca-ca-cd-nc   4    2.800       180.000           2.000      same as X -c2-ca-X , penalty score=232.0
ca-c -n4-hn   4    5.800       180.000          -2.000      same as X -c -na-X 
ca-c -n4-hn   4    1.400       180.000           4.000      same as X -c -na-X , penalty score=630.0
ca-ca-cd-cd   4    2.800       180.000           2.000      same as X -c2-ca-X , penalty score=232.0
cd-cc-n4-ca   6    0.000       180.000           3.000      same as X -c2-n4-X , penalty score=232.0
cd-cc-n4-hn   6    0.000       180.000           3.000      same as X -c2-n4-X , penalty score=232.0

IMPROPER
cc-cc-na-nc         1.1          180.0         2.0          Using the default value
ca-n4-c -o         10.5          180.0         2.0          Using general improper torsional angle  X- X- c- o, penalty score=  6.0)
c -ca-ca-ca         1.1          180.0         2.0          Using the default value
ca-ca-ca-ha         1.1          180.0         2.0          Using general improper torsional angle  X- X-ca-ha, penalty score=  6.0)
ca-ca-ca-cd         1.1          180.0         2.0          Using the default value
ca-cd-cd-nc         1.1          180.0         2.0          Using the default value
cc-cd-cd-ha         1.1          180.0         2.0          Same as X -X -ca-ha, penalty score= 38.9 (use general term))
cd-na-cc-nc         1.1          180.0         2.0          Using the default value
cd-h4-cd-nc         1.1          180.0         2.0          Same as X -X -ca-ha, penalty score= 67.2 (use general term))
cd-n4-cc-na         1.1          180.0         2.0          Using the default value
ca-ca-ca-n4         1.1          180.0         2.0          Using the default value
ca-ca-ca-oh         1.1          180.0         2.0          Using the default value

NONBON



